{
 "cells": [
  {
   "cell_type": "markdown",
   "metadata": {},
   "source": [
    "#### Import libraries and read the dataset."
   ]
  },
  {
   "cell_type": "code",
   "execution_count": 1,
   "metadata": {},
   "outputs": [
    {
     "data": {
      "text/html": [
       "<div>\n",
       "<style scoped>\n",
       "    .dataframe tbody tr th:only-of-type {\n",
       "        vertical-align: middle;\n",
       "    }\n",
       "\n",
       "    .dataframe tbody tr th {\n",
       "        vertical-align: top;\n",
       "    }\n",
       "\n",
       "    .dataframe thead th {\n",
       "        text-align: right;\n",
       "    }\n",
       "</style>\n",
       "<table border=\"1\" class=\"dataframe\">\n",
       "  <thead>\n",
       "    <tr style=\"text-align: right;\">\n",
       "      <th></th>\n",
       "      <th>id</th>\n",
       "      <th>date</th>\n",
       "      <th>price</th>\n",
       "      <th>bedrooms</th>\n",
       "      <th>bathrooms</th>\n",
       "      <th>sqft_living</th>\n",
       "      <th>sqft_lot</th>\n",
       "      <th>floors</th>\n",
       "      <th>waterfront</th>\n",
       "      <th>view</th>\n",
       "      <th>...</th>\n",
       "      <th>grade</th>\n",
       "      <th>sqft_above</th>\n",
       "      <th>sqft_basement</th>\n",
       "      <th>yr_built</th>\n",
       "      <th>yr_renovated</th>\n",
       "      <th>zipcode</th>\n",
       "      <th>lat</th>\n",
       "      <th>long</th>\n",
       "      <th>sqft_living15</th>\n",
       "      <th>sqft_lot15</th>\n",
       "    </tr>\n",
       "  </thead>\n",
       "  <tbody>\n",
       "    <tr>\n",
       "      <th>0</th>\n",
       "      <td>7129300520</td>\n",
       "      <td>20141013T000000</td>\n",
       "      <td>221900.0</td>\n",
       "      <td>3</td>\n",
       "      <td>1.00</td>\n",
       "      <td>1180</td>\n",
       "      <td>5650</td>\n",
       "      <td>1.0</td>\n",
       "      <td>0</td>\n",
       "      <td>0</td>\n",
       "      <td>...</td>\n",
       "      <td>7</td>\n",
       "      <td>1180</td>\n",
       "      <td>0</td>\n",
       "      <td>1955</td>\n",
       "      <td>0</td>\n",
       "      <td>98178</td>\n",
       "      <td>47.5112</td>\n",
       "      <td>-122.257</td>\n",
       "      <td>1340</td>\n",
       "      <td>5650</td>\n",
       "    </tr>\n",
       "    <tr>\n",
       "      <th>1</th>\n",
       "      <td>6414100192</td>\n",
       "      <td>20141209T000000</td>\n",
       "      <td>538000.0</td>\n",
       "      <td>3</td>\n",
       "      <td>2.25</td>\n",
       "      <td>2570</td>\n",
       "      <td>7242</td>\n",
       "      <td>2.0</td>\n",
       "      <td>0</td>\n",
       "      <td>0</td>\n",
       "      <td>...</td>\n",
       "      <td>7</td>\n",
       "      <td>2170</td>\n",
       "      <td>400</td>\n",
       "      <td>1951</td>\n",
       "      <td>1991</td>\n",
       "      <td>98125</td>\n",
       "      <td>47.7210</td>\n",
       "      <td>-122.319</td>\n",
       "      <td>1690</td>\n",
       "      <td>7639</td>\n",
       "    </tr>\n",
       "    <tr>\n",
       "      <th>2</th>\n",
       "      <td>5631500400</td>\n",
       "      <td>20150225T000000</td>\n",
       "      <td>180000.0</td>\n",
       "      <td>2</td>\n",
       "      <td>1.00</td>\n",
       "      <td>770</td>\n",
       "      <td>10000</td>\n",
       "      <td>1.0</td>\n",
       "      <td>0</td>\n",
       "      <td>0</td>\n",
       "      <td>...</td>\n",
       "      <td>6</td>\n",
       "      <td>770</td>\n",
       "      <td>0</td>\n",
       "      <td>1933</td>\n",
       "      <td>0</td>\n",
       "      <td>98028</td>\n",
       "      <td>47.7379</td>\n",
       "      <td>-122.233</td>\n",
       "      <td>2720</td>\n",
       "      <td>8062</td>\n",
       "    </tr>\n",
       "    <tr>\n",
       "      <th>3</th>\n",
       "      <td>2487200875</td>\n",
       "      <td>20141209T000000</td>\n",
       "      <td>604000.0</td>\n",
       "      <td>4</td>\n",
       "      <td>3.00</td>\n",
       "      <td>1960</td>\n",
       "      <td>5000</td>\n",
       "      <td>1.0</td>\n",
       "      <td>0</td>\n",
       "      <td>0</td>\n",
       "      <td>...</td>\n",
       "      <td>7</td>\n",
       "      <td>1050</td>\n",
       "      <td>910</td>\n",
       "      <td>1965</td>\n",
       "      <td>0</td>\n",
       "      <td>98136</td>\n",
       "      <td>47.5208</td>\n",
       "      <td>-122.393</td>\n",
       "      <td>1360</td>\n",
       "      <td>5000</td>\n",
       "    </tr>\n",
       "    <tr>\n",
       "      <th>4</th>\n",
       "      <td>1954400510</td>\n",
       "      <td>20150218T000000</td>\n",
       "      <td>510000.0</td>\n",
       "      <td>3</td>\n",
       "      <td>2.00</td>\n",
       "      <td>1680</td>\n",
       "      <td>8080</td>\n",
       "      <td>1.0</td>\n",
       "      <td>0</td>\n",
       "      <td>0</td>\n",
       "      <td>...</td>\n",
       "      <td>8</td>\n",
       "      <td>1680</td>\n",
       "      <td>0</td>\n",
       "      <td>1987</td>\n",
       "      <td>0</td>\n",
       "      <td>98074</td>\n",
       "      <td>47.6168</td>\n",
       "      <td>-122.045</td>\n",
       "      <td>1800</td>\n",
       "      <td>7503</td>\n",
       "    </tr>\n",
       "  </tbody>\n",
       "</table>\n",
       "<p>5 rows × 21 columns</p>\n",
       "</div>"
      ],
      "text/plain": [
       "           id             date     price  bedrooms  bathrooms  sqft_living  \\\n",
       "0  7129300520  20141013T000000  221900.0         3       1.00         1180   \n",
       "1  6414100192  20141209T000000  538000.0         3       2.25         2570   \n",
       "2  5631500400  20150225T000000  180000.0         2       1.00          770   \n",
       "3  2487200875  20141209T000000  604000.0         4       3.00         1960   \n",
       "4  1954400510  20150218T000000  510000.0         3       2.00         1680   \n",
       "\n",
       "   sqft_lot  floors  waterfront  view  ...  grade  sqft_above  sqft_basement  \\\n",
       "0      5650     1.0           0     0  ...      7        1180              0   \n",
       "1      7242     2.0           0     0  ...      7        2170            400   \n",
       "2     10000     1.0           0     0  ...      6         770              0   \n",
       "3      5000     1.0           0     0  ...      7        1050            910   \n",
       "4      8080     1.0           0     0  ...      8        1680              0   \n",
       "\n",
       "   yr_built  yr_renovated  zipcode      lat     long  sqft_living15  \\\n",
       "0      1955             0    98178  47.5112 -122.257           1340   \n",
       "1      1951          1991    98125  47.7210 -122.319           1690   \n",
       "2      1933             0    98028  47.7379 -122.233           2720   \n",
       "3      1965             0    98136  47.5208 -122.393           1360   \n",
       "4      1987             0    98074  47.6168 -122.045           1800   \n",
       "\n",
       "   sqft_lot15  \n",
       "0        5650  \n",
       "1        7639  \n",
       "2        8062  \n",
       "3        5000  \n",
       "4        7503  \n",
       "\n",
       "[5 rows x 21 columns]"
      ]
     },
     "execution_count": 1,
     "metadata": {},
     "output_type": "execute_result"
    }
   ],
   "source": [
    "import pandas as pd\n",
    "import numpy as np\n",
    "import matplotlib.pyplot as plt\n",
    "import os\n",
    "\n",
    "df_house = pd.read_csv(os.getcwd() + '/kc_house_data.csv')\n",
    "df_house.head()"
   ]
  },
  {
   "cell_type": "code",
   "execution_count": 2,
   "metadata": {},
   "outputs": [],
   "source": [
    "df = df_house.sample(n = 5000) "
   ]
  },
  {
   "cell_type": "markdown",
   "metadata": {},
   "source": [
    "#### Explore Data Analysis. Find out how one variable related to other and distributions of data."
   ]
  },
  {
   "cell_type": "code",
   "execution_count": 3,
   "metadata": {},
   "outputs": [
    {
     "data": {
      "text/plain": [
       "(5000, 21)"
      ]
     },
     "execution_count": 3,
     "metadata": {},
     "output_type": "execute_result"
    }
   ],
   "source": [
    "df.shape"
   ]
  },
  {
   "cell_type": "code",
   "execution_count": 4,
   "metadata": {},
   "outputs": [
    {
     "data": {
      "text/plain": [
       "id                 int64\n",
       "date              object\n",
       "price            float64\n",
       "bedrooms           int64\n",
       "bathrooms        float64\n",
       "sqft_living        int64\n",
       "sqft_lot           int64\n",
       "floors           float64\n",
       "waterfront         int64\n",
       "view               int64\n",
       "condition          int64\n",
       "grade              int64\n",
       "sqft_above         int64\n",
       "sqft_basement      int64\n",
       "yr_built           int64\n",
       "yr_renovated       int64\n",
       "zipcode            int64\n",
       "lat              float64\n",
       "long             float64\n",
       "sqft_living15      int64\n",
       "sqft_lot15         int64\n",
       "dtype: object"
      ]
     },
     "execution_count": 4,
     "metadata": {},
     "output_type": "execute_result"
    }
   ],
   "source": [
    "df.dtypes"
   ]
  },
  {
   "cell_type": "code",
   "execution_count": 5,
   "metadata": {},
   "outputs": [
    {
     "data": {
      "text/plain": [
       "id               False\n",
       "date             False\n",
       "price            False\n",
       "bedrooms         False\n",
       "bathrooms        False\n",
       "sqft_living      False\n",
       "sqft_lot         False\n",
       "floors           False\n",
       "waterfront       False\n",
       "view             False\n",
       "condition        False\n",
       "grade            False\n",
       "sqft_above       False\n",
       "sqft_basement    False\n",
       "yr_built         False\n",
       "yr_renovated     False\n",
       "zipcode          False\n",
       "lat              False\n",
       "long             False\n",
       "sqft_living15    False\n",
       "sqft_lot15       False\n",
       "dtype: bool"
      ]
     },
     "execution_count": 5,
     "metadata": {},
     "output_type": "execute_result"
    }
   ],
   "source": [
    "df.isna().any()"
   ]
  },
  {
   "cell_type": "code",
   "execution_count": 6,
   "metadata": {},
   "outputs": [
    {
     "data": {
      "text/html": [
       "<div>\n",
       "<style scoped>\n",
       "    .dataframe tbody tr th:only-of-type {\n",
       "        vertical-align: middle;\n",
       "    }\n",
       "\n",
       "    .dataframe tbody tr th {\n",
       "        vertical-align: top;\n",
       "    }\n",
       "\n",
       "    .dataframe thead th {\n",
       "        text-align: right;\n",
       "    }\n",
       "</style>\n",
       "<table border=\"1\" class=\"dataframe\">\n",
       "  <thead>\n",
       "    <tr style=\"text-align: right;\">\n",
       "      <th></th>\n",
       "      <th>id</th>\n",
       "      <th>price</th>\n",
       "      <th>bedrooms</th>\n",
       "      <th>bathrooms</th>\n",
       "      <th>sqft_living</th>\n",
       "      <th>sqft_lot</th>\n",
       "      <th>floors</th>\n",
       "      <th>waterfront</th>\n",
       "      <th>view</th>\n",
       "      <th>condition</th>\n",
       "      <th>grade</th>\n",
       "      <th>sqft_above</th>\n",
       "      <th>sqft_basement</th>\n",
       "      <th>yr_built</th>\n",
       "      <th>yr_renovated</th>\n",
       "      <th>zipcode</th>\n",
       "      <th>lat</th>\n",
       "      <th>long</th>\n",
       "      <th>sqft_living15</th>\n",
       "      <th>sqft_lot15</th>\n",
       "    </tr>\n",
       "  </thead>\n",
       "  <tbody>\n",
       "    <tr>\n",
       "      <th>id</th>\n",
       "      <td>1.000000</td>\n",
       "      <td>-0.039247</td>\n",
       "      <td>0.004410</td>\n",
       "      <td>0.002709</td>\n",
       "      <td>-0.017391</td>\n",
       "      <td>-0.141844</td>\n",
       "      <td>0.022568</td>\n",
       "      <td>-0.021631</td>\n",
       "      <td>0.009647</td>\n",
       "      <td>-0.011641</td>\n",
       "      <td>-0.002118</td>\n",
       "      <td>-0.012793</td>\n",
       "      <td>-0.012127</td>\n",
       "      <td>0.029178</td>\n",
       "      <td>-0.039847</td>\n",
       "      <td>-0.015580</td>\n",
       "      <td>-0.028310</td>\n",
       "      <td>0.030244</td>\n",
       "      <td>-0.008562</td>\n",
       "      <td>-0.144049</td>\n",
       "    </tr>\n",
       "    <tr>\n",
       "      <th>price</th>\n",
       "      <td>-0.039247</td>\n",
       "      <td>1.000000</td>\n",
       "      <td>0.304099</td>\n",
       "      <td>0.513208</td>\n",
       "      <td>0.690498</td>\n",
       "      <td>0.107484</td>\n",
       "      <td>0.264732</td>\n",
       "      <td>0.212888</td>\n",
       "      <td>0.397023</td>\n",
       "      <td>0.055151</td>\n",
       "      <td>0.686641</td>\n",
       "      <td>0.589024</td>\n",
       "      <td>0.332396</td>\n",
       "      <td>0.044049</td>\n",
       "      <td>0.128211</td>\n",
       "      <td>-0.046952</td>\n",
       "      <td>0.321402</td>\n",
       "      <td>0.009021</td>\n",
       "      <td>0.590196</td>\n",
       "      <td>0.079898</td>\n",
       "    </tr>\n",
       "    <tr>\n",
       "      <th>bedrooms</th>\n",
       "      <td>0.004410</td>\n",
       "      <td>0.304099</td>\n",
       "      <td>1.000000</td>\n",
       "      <td>0.537486</td>\n",
       "      <td>0.587462</td>\n",
       "      <td>0.035883</td>\n",
       "      <td>0.184187</td>\n",
       "      <td>-0.043449</td>\n",
       "      <td>0.055546</td>\n",
       "      <td>0.024955</td>\n",
       "      <td>0.359977</td>\n",
       "      <td>0.489739</td>\n",
       "      <td>0.303743</td>\n",
       "      <td>0.173622</td>\n",
       "      <td>0.021818</td>\n",
       "      <td>-0.149127</td>\n",
       "      <td>-0.005015</td>\n",
       "      <td>0.134438</td>\n",
       "      <td>0.388241</td>\n",
       "      <td>0.028183</td>\n",
       "    </tr>\n",
       "    <tr>\n",
       "      <th>bathrooms</th>\n",
       "      <td>0.002709</td>\n",
       "      <td>0.513208</td>\n",
       "      <td>0.537486</td>\n",
       "      <td>1.000000</td>\n",
       "      <td>0.747767</td>\n",
       "      <td>0.106228</td>\n",
       "      <td>0.506134</td>\n",
       "      <td>0.034199</td>\n",
       "      <td>0.176815</td>\n",
       "      <td>-0.128060</td>\n",
       "      <td>0.657982</td>\n",
       "      <td>0.682245</td>\n",
       "      <td>0.278375</td>\n",
       "      <td>0.521972</td>\n",
       "      <td>0.043599</td>\n",
       "      <td>-0.214559</td>\n",
       "      <td>0.008674</td>\n",
       "      <td>0.234836</td>\n",
       "      <td>0.555801</td>\n",
       "      <td>0.082499</td>\n",
       "    </tr>\n",
       "    <tr>\n",
       "      <th>sqft_living</th>\n",
       "      <td>-0.017391</td>\n",
       "      <td>0.690498</td>\n",
       "      <td>0.587462</td>\n",
       "      <td>0.747767</td>\n",
       "      <td>1.000000</td>\n",
       "      <td>0.214883</td>\n",
       "      <td>0.349941</td>\n",
       "      <td>0.083934</td>\n",
       "      <td>0.283132</td>\n",
       "      <td>-0.048465</td>\n",
       "      <td>0.757385</td>\n",
       "      <td>0.873284</td>\n",
       "      <td>0.444164</td>\n",
       "      <td>0.322749</td>\n",
       "      <td>0.051374</td>\n",
       "      <td>-0.215012</td>\n",
       "      <td>0.036921</td>\n",
       "      <td>0.246179</td>\n",
       "      <td>0.740995</td>\n",
       "      <td>0.188081</td>\n",
       "    </tr>\n",
       "    <tr>\n",
       "      <th>sqft_lot</th>\n",
       "      <td>-0.141844</td>\n",
       "      <td>0.107484</td>\n",
       "      <td>0.035883</td>\n",
       "      <td>0.106228</td>\n",
       "      <td>0.214883</td>\n",
       "      <td>1.000000</td>\n",
       "      <td>0.003273</td>\n",
       "      <td>0.030501</td>\n",
       "      <td>0.094494</td>\n",
       "      <td>-0.020006</td>\n",
       "      <td>0.163323</td>\n",
       "      <td>0.227980</td>\n",
       "      <td>0.021288</td>\n",
       "      <td>0.076482</td>\n",
       "      <td>0.030583</td>\n",
       "      <td>-0.144492</td>\n",
       "      <td>-0.110699</td>\n",
       "      <td>0.254231</td>\n",
       "      <td>0.176918</td>\n",
       "      <td>0.764243</td>\n",
       "    </tr>\n",
       "    <tr>\n",
       "      <th>floors</th>\n",
       "      <td>0.022568</td>\n",
       "      <td>0.264732</td>\n",
       "      <td>0.184187</td>\n",
       "      <td>0.506134</td>\n",
       "      <td>0.349941</td>\n",
       "      <td>0.003273</td>\n",
       "      <td>1.000000</td>\n",
       "      <td>0.021294</td>\n",
       "      <td>0.048764</td>\n",
       "      <td>-0.259357</td>\n",
       "      <td>0.450156</td>\n",
       "      <td>0.524614</td>\n",
       "      <td>-0.247322</td>\n",
       "      <td>0.481350</td>\n",
       "      <td>0.010645</td>\n",
       "      <td>-0.061340</td>\n",
       "      <td>0.042479</td>\n",
       "      <td>0.131539</td>\n",
       "      <td>0.269807</td>\n",
       "      <td>-0.017953</td>\n",
       "    </tr>\n",
       "    <tr>\n",
       "      <th>waterfront</th>\n",
       "      <td>-0.021631</td>\n",
       "      <td>0.212888</td>\n",
       "      <td>-0.043449</td>\n",
       "      <td>0.034199</td>\n",
       "      <td>0.083934</td>\n",
       "      <td>0.030501</td>\n",
       "      <td>0.021294</td>\n",
       "      <td>1.000000</td>\n",
       "      <td>0.397952</td>\n",
       "      <td>0.027976</td>\n",
       "      <td>0.075859</td>\n",
       "      <td>0.062640</td>\n",
       "      <td>0.056880</td>\n",
       "      <td>-0.030714</td>\n",
       "      <td>0.078417</td>\n",
       "      <td>0.014918</td>\n",
       "      <td>-0.028962</td>\n",
       "      <td>-0.057918</td>\n",
       "      <td>0.070872</td>\n",
       "      <td>0.044759</td>\n",
       "    </tr>\n",
       "    <tr>\n",
       "      <th>view</th>\n",
       "      <td>0.009647</td>\n",
       "      <td>0.397023</td>\n",
       "      <td>0.055546</td>\n",
       "      <td>0.176815</td>\n",
       "      <td>0.283132</td>\n",
       "      <td>0.094494</td>\n",
       "      <td>0.048764</td>\n",
       "      <td>0.397952</td>\n",
       "      <td>1.000000</td>\n",
       "      <td>0.059232</td>\n",
       "      <td>0.271465</td>\n",
       "      <td>0.173369</td>\n",
       "      <td>0.261628</td>\n",
       "      <td>-0.058144</td>\n",
       "      <td>0.127574</td>\n",
       "      <td>0.071995</td>\n",
       "      <td>-0.006892</td>\n",
       "      <td>-0.100233</td>\n",
       "      <td>0.285314</td>\n",
       "      <td>0.089265</td>\n",
       "    </tr>\n",
       "    <tr>\n",
       "      <th>condition</th>\n",
       "      <td>-0.011641</td>\n",
       "      <td>0.055151</td>\n",
       "      <td>0.024955</td>\n",
       "      <td>-0.128060</td>\n",
       "      <td>-0.048465</td>\n",
       "      <td>-0.020006</td>\n",
       "      <td>-0.259357</td>\n",
       "      <td>0.027976</td>\n",
       "      <td>0.059232</td>\n",
       "      <td>1.000000</td>\n",
       "      <td>-0.137546</td>\n",
       "      <td>-0.150080</td>\n",
       "      <td>0.176629</td>\n",
       "      <td>-0.347903</td>\n",
       "      <td>-0.049795</td>\n",
       "      <td>-0.019012</td>\n",
       "      <td>0.003159</td>\n",
       "      <td>-0.087500</td>\n",
       "      <td>-0.073813</td>\n",
       "      <td>0.009082</td>\n",
       "    </tr>\n",
       "    <tr>\n",
       "      <th>grade</th>\n",
       "      <td>-0.002118</td>\n",
       "      <td>0.686641</td>\n",
       "      <td>0.359977</td>\n",
       "      <td>0.657982</td>\n",
       "      <td>0.757385</td>\n",
       "      <td>0.163323</td>\n",
       "      <td>0.450156</td>\n",
       "      <td>0.075859</td>\n",
       "      <td>0.271465</td>\n",
       "      <td>-0.137546</td>\n",
       "      <td>1.000000</td>\n",
       "      <td>0.741887</td>\n",
       "      <td>0.188417</td>\n",
       "      <td>0.441703</td>\n",
       "      <td>0.019791</td>\n",
       "      <td>-0.188209</td>\n",
       "      <td>0.098498</td>\n",
       "      <td>0.194232</td>\n",
       "      <td>0.699390</td>\n",
       "      <td>0.137317</td>\n",
       "    </tr>\n",
       "    <tr>\n",
       "      <th>sqft_above</th>\n",
       "      <td>-0.012793</td>\n",
       "      <td>0.589024</td>\n",
       "      <td>0.489739</td>\n",
       "      <td>0.682245</td>\n",
       "      <td>0.873284</td>\n",
       "      <td>0.227980</td>\n",
       "      <td>0.524614</td>\n",
       "      <td>0.062640</td>\n",
       "      <td>0.173369</td>\n",
       "      <td>-0.150080</td>\n",
       "      <td>0.741887</td>\n",
       "      <td>1.000000</td>\n",
       "      <td>-0.048633</td>\n",
       "      <td>0.423465</td>\n",
       "      <td>0.034660</td>\n",
       "      <td>-0.272944</td>\n",
       "      <td>-0.021560</td>\n",
       "      <td>0.351761</td>\n",
       "      <td>0.713605</td>\n",
       "      <td>0.205823</td>\n",
       "    </tr>\n",
       "    <tr>\n",
       "      <th>sqft_basement</th>\n",
       "      <td>-0.012127</td>\n",
       "      <td>0.332396</td>\n",
       "      <td>0.303743</td>\n",
       "      <td>0.278375</td>\n",
       "      <td>0.444164</td>\n",
       "      <td>0.021288</td>\n",
       "      <td>-0.247322</td>\n",
       "      <td>0.056880</td>\n",
       "      <td>0.261628</td>\n",
       "      <td>0.176629</td>\n",
       "      <td>0.188417</td>\n",
       "      <td>-0.048633</td>\n",
       "      <td>1.000000</td>\n",
       "      <td>-0.117063</td>\n",
       "      <td>0.041584</td>\n",
       "      <td>0.061134</td>\n",
       "      <td>0.115338</td>\n",
       "      <td>-0.142177</td>\n",
       "      <td>0.206824</td>\n",
       "      <td>0.007087</td>\n",
       "    </tr>\n",
       "    <tr>\n",
       "      <th>yr_built</th>\n",
       "      <td>0.029178</td>\n",
       "      <td>0.044049</td>\n",
       "      <td>0.173622</td>\n",
       "      <td>0.521972</td>\n",
       "      <td>0.322749</td>\n",
       "      <td>0.076482</td>\n",
       "      <td>0.481350</td>\n",
       "      <td>-0.030714</td>\n",
       "      <td>-0.058144</td>\n",
       "      <td>-0.347903</td>\n",
       "      <td>0.441703</td>\n",
       "      <td>0.423465</td>\n",
       "      <td>-0.117063</td>\n",
       "      <td>1.000000</td>\n",
       "      <td>-0.217423</td>\n",
       "      <td>-0.356228</td>\n",
       "      <td>-0.165114</td>\n",
       "      <td>0.427674</td>\n",
       "      <td>0.312679</td>\n",
       "      <td>0.077483</td>\n",
       "    </tr>\n",
       "    <tr>\n",
       "      <th>yr_renovated</th>\n",
       "      <td>-0.039847</td>\n",
       "      <td>0.128211</td>\n",
       "      <td>0.021818</td>\n",
       "      <td>0.043599</td>\n",
       "      <td>0.051374</td>\n",
       "      <td>0.030583</td>\n",
       "      <td>0.010645</td>\n",
       "      <td>0.078417</td>\n",
       "      <td>0.127574</td>\n",
       "      <td>-0.049795</td>\n",
       "      <td>0.019791</td>\n",
       "      <td>0.034660</td>\n",
       "      <td>0.041584</td>\n",
       "      <td>-0.217423</td>\n",
       "      <td>1.000000</td>\n",
       "      <td>0.051874</td>\n",
       "      <td>0.032335</td>\n",
       "      <td>-0.070306</td>\n",
       "      <td>0.007497</td>\n",
       "      <td>0.027255</td>\n",
       "    </tr>\n",
       "    <tr>\n",
       "      <th>zipcode</th>\n",
       "      <td>-0.015580</td>\n",
       "      <td>-0.046952</td>\n",
       "      <td>-0.149127</td>\n",
       "      <td>-0.214559</td>\n",
       "      <td>-0.215012</td>\n",
       "      <td>-0.144492</td>\n",
       "      <td>-0.061340</td>\n",
       "      <td>0.014918</td>\n",
       "      <td>0.071995</td>\n",
       "      <td>-0.019012</td>\n",
       "      <td>-0.188209</td>\n",
       "      <td>-0.272944</td>\n",
       "      <td>0.061134</td>\n",
       "      <td>-0.356228</td>\n",
       "      <td>0.051874</td>\n",
       "      <td>1.000000</td>\n",
       "      <td>0.267197</td>\n",
       "      <td>-0.574003</td>\n",
       "      <td>-0.280974</td>\n",
       "      <td>-0.155265</td>\n",
       "    </tr>\n",
       "    <tr>\n",
       "      <th>lat</th>\n",
       "      <td>-0.028310</td>\n",
       "      <td>0.321402</td>\n",
       "      <td>-0.005015</td>\n",
       "      <td>0.008674</td>\n",
       "      <td>0.036921</td>\n",
       "      <td>-0.110699</td>\n",
       "      <td>0.042479</td>\n",
       "      <td>-0.028962</td>\n",
       "      <td>-0.006892</td>\n",
       "      <td>0.003159</td>\n",
       "      <td>0.098498</td>\n",
       "      <td>-0.021560</td>\n",
       "      <td>0.115338</td>\n",
       "      <td>-0.165114</td>\n",
       "      <td>0.032335</td>\n",
       "      <td>0.267197</td>\n",
       "      <td>1.000000</td>\n",
       "      <td>-0.165437</td>\n",
       "      <td>0.039908</td>\n",
       "      <td>-0.115525</td>\n",
       "    </tr>\n",
       "    <tr>\n",
       "      <th>long</th>\n",
       "      <td>0.030244</td>\n",
       "      <td>0.009021</td>\n",
       "      <td>0.134438</td>\n",
       "      <td>0.234836</td>\n",
       "      <td>0.246179</td>\n",
       "      <td>0.254231</td>\n",
       "      <td>0.131539</td>\n",
       "      <td>-0.057918</td>\n",
       "      <td>-0.100233</td>\n",
       "      <td>-0.087500</td>\n",
       "      <td>0.194232</td>\n",
       "      <td>0.351761</td>\n",
       "      <td>-0.142177</td>\n",
       "      <td>0.427674</td>\n",
       "      <td>-0.070306</td>\n",
       "      <td>-0.574003</td>\n",
       "      <td>-0.165437</td>\n",
       "      <td>1.000000</td>\n",
       "      <td>0.327953</td>\n",
       "      <td>0.252178</td>\n",
       "    </tr>\n",
       "    <tr>\n",
       "      <th>sqft_living15</th>\n",
       "      <td>-0.008562</td>\n",
       "      <td>0.590196</td>\n",
       "      <td>0.388241</td>\n",
       "      <td>0.555801</td>\n",
       "      <td>0.740995</td>\n",
       "      <td>0.176918</td>\n",
       "      <td>0.269807</td>\n",
       "      <td>0.070872</td>\n",
       "      <td>0.285314</td>\n",
       "      <td>-0.073813</td>\n",
       "      <td>0.699390</td>\n",
       "      <td>0.713605</td>\n",
       "      <td>0.206824</td>\n",
       "      <td>0.312679</td>\n",
       "      <td>0.007497</td>\n",
       "      <td>-0.280974</td>\n",
       "      <td>0.039908</td>\n",
       "      <td>0.327953</td>\n",
       "      <td>1.000000</td>\n",
       "      <td>0.192334</td>\n",
       "    </tr>\n",
       "    <tr>\n",
       "      <th>sqft_lot15</th>\n",
       "      <td>-0.144049</td>\n",
       "      <td>0.079898</td>\n",
       "      <td>0.028183</td>\n",
       "      <td>0.082499</td>\n",
       "      <td>0.188081</td>\n",
       "      <td>0.764243</td>\n",
       "      <td>-0.017953</td>\n",
       "      <td>0.044759</td>\n",
       "      <td>0.089265</td>\n",
       "      <td>0.009082</td>\n",
       "      <td>0.137317</td>\n",
       "      <td>0.205823</td>\n",
       "      <td>0.007087</td>\n",
       "      <td>0.077483</td>\n",
       "      <td>0.027255</td>\n",
       "      <td>-0.155265</td>\n",
       "      <td>-0.115525</td>\n",
       "      <td>0.252178</td>\n",
       "      <td>0.192334</td>\n",
       "      <td>1.000000</td>\n",
       "    </tr>\n",
       "  </tbody>\n",
       "</table>\n",
       "</div>"
      ],
      "text/plain": [
       "                     id     price  bedrooms  bathrooms  sqft_living  sqft_lot  \\\n",
       "id             1.000000 -0.039247  0.004410   0.002709    -0.017391 -0.141844   \n",
       "price         -0.039247  1.000000  0.304099   0.513208     0.690498  0.107484   \n",
       "bedrooms       0.004410  0.304099  1.000000   0.537486     0.587462  0.035883   \n",
       "bathrooms      0.002709  0.513208  0.537486   1.000000     0.747767  0.106228   \n",
       "sqft_living   -0.017391  0.690498  0.587462   0.747767     1.000000  0.214883   \n",
       "sqft_lot      -0.141844  0.107484  0.035883   0.106228     0.214883  1.000000   \n",
       "floors         0.022568  0.264732  0.184187   0.506134     0.349941  0.003273   \n",
       "waterfront    -0.021631  0.212888 -0.043449   0.034199     0.083934  0.030501   \n",
       "view           0.009647  0.397023  0.055546   0.176815     0.283132  0.094494   \n",
       "condition     -0.011641  0.055151  0.024955  -0.128060    -0.048465 -0.020006   \n",
       "grade         -0.002118  0.686641  0.359977   0.657982     0.757385  0.163323   \n",
       "sqft_above    -0.012793  0.589024  0.489739   0.682245     0.873284  0.227980   \n",
       "sqft_basement -0.012127  0.332396  0.303743   0.278375     0.444164  0.021288   \n",
       "yr_built       0.029178  0.044049  0.173622   0.521972     0.322749  0.076482   \n",
       "yr_renovated  -0.039847  0.128211  0.021818   0.043599     0.051374  0.030583   \n",
       "zipcode       -0.015580 -0.046952 -0.149127  -0.214559    -0.215012 -0.144492   \n",
       "lat           -0.028310  0.321402 -0.005015   0.008674     0.036921 -0.110699   \n",
       "long           0.030244  0.009021  0.134438   0.234836     0.246179  0.254231   \n",
       "sqft_living15 -0.008562  0.590196  0.388241   0.555801     0.740995  0.176918   \n",
       "sqft_lot15    -0.144049  0.079898  0.028183   0.082499     0.188081  0.764243   \n",
       "\n",
       "                 floors  waterfront      view  condition     grade  \\\n",
       "id             0.022568   -0.021631  0.009647  -0.011641 -0.002118   \n",
       "price          0.264732    0.212888  0.397023   0.055151  0.686641   \n",
       "bedrooms       0.184187   -0.043449  0.055546   0.024955  0.359977   \n",
       "bathrooms      0.506134    0.034199  0.176815  -0.128060  0.657982   \n",
       "sqft_living    0.349941    0.083934  0.283132  -0.048465  0.757385   \n",
       "sqft_lot       0.003273    0.030501  0.094494  -0.020006  0.163323   \n",
       "floors         1.000000    0.021294  0.048764  -0.259357  0.450156   \n",
       "waterfront     0.021294    1.000000  0.397952   0.027976  0.075859   \n",
       "view           0.048764    0.397952  1.000000   0.059232  0.271465   \n",
       "condition     -0.259357    0.027976  0.059232   1.000000 -0.137546   \n",
       "grade          0.450156    0.075859  0.271465  -0.137546  1.000000   \n",
       "sqft_above     0.524614    0.062640  0.173369  -0.150080  0.741887   \n",
       "sqft_basement -0.247322    0.056880  0.261628   0.176629  0.188417   \n",
       "yr_built       0.481350   -0.030714 -0.058144  -0.347903  0.441703   \n",
       "yr_renovated   0.010645    0.078417  0.127574  -0.049795  0.019791   \n",
       "zipcode       -0.061340    0.014918  0.071995  -0.019012 -0.188209   \n",
       "lat            0.042479   -0.028962 -0.006892   0.003159  0.098498   \n",
       "long           0.131539   -0.057918 -0.100233  -0.087500  0.194232   \n",
       "sqft_living15  0.269807    0.070872  0.285314  -0.073813  0.699390   \n",
       "sqft_lot15    -0.017953    0.044759  0.089265   0.009082  0.137317   \n",
       "\n",
       "               sqft_above  sqft_basement  yr_built  yr_renovated   zipcode  \\\n",
       "id              -0.012793      -0.012127  0.029178     -0.039847 -0.015580   \n",
       "price            0.589024       0.332396  0.044049      0.128211 -0.046952   \n",
       "bedrooms         0.489739       0.303743  0.173622      0.021818 -0.149127   \n",
       "bathrooms        0.682245       0.278375  0.521972      0.043599 -0.214559   \n",
       "sqft_living      0.873284       0.444164  0.322749      0.051374 -0.215012   \n",
       "sqft_lot         0.227980       0.021288  0.076482      0.030583 -0.144492   \n",
       "floors           0.524614      -0.247322  0.481350      0.010645 -0.061340   \n",
       "waterfront       0.062640       0.056880 -0.030714      0.078417  0.014918   \n",
       "view             0.173369       0.261628 -0.058144      0.127574  0.071995   \n",
       "condition       -0.150080       0.176629 -0.347903     -0.049795 -0.019012   \n",
       "grade            0.741887       0.188417  0.441703      0.019791 -0.188209   \n",
       "sqft_above       1.000000      -0.048633  0.423465      0.034660 -0.272944   \n",
       "sqft_basement   -0.048633       1.000000 -0.117063      0.041584  0.061134   \n",
       "yr_built         0.423465      -0.117063  1.000000     -0.217423 -0.356228   \n",
       "yr_renovated     0.034660       0.041584 -0.217423      1.000000  0.051874   \n",
       "zipcode         -0.272944       0.061134 -0.356228      0.051874  1.000000   \n",
       "lat             -0.021560       0.115338 -0.165114      0.032335  0.267197   \n",
       "long             0.351761      -0.142177  0.427674     -0.070306 -0.574003   \n",
       "sqft_living15    0.713605       0.206824  0.312679      0.007497 -0.280974   \n",
       "sqft_lot15       0.205823       0.007087  0.077483      0.027255 -0.155265   \n",
       "\n",
       "                    lat      long  sqft_living15  sqft_lot15  \n",
       "id            -0.028310  0.030244      -0.008562   -0.144049  \n",
       "price          0.321402  0.009021       0.590196    0.079898  \n",
       "bedrooms      -0.005015  0.134438       0.388241    0.028183  \n",
       "bathrooms      0.008674  0.234836       0.555801    0.082499  \n",
       "sqft_living    0.036921  0.246179       0.740995    0.188081  \n",
       "sqft_lot      -0.110699  0.254231       0.176918    0.764243  \n",
       "floors         0.042479  0.131539       0.269807   -0.017953  \n",
       "waterfront    -0.028962 -0.057918       0.070872    0.044759  \n",
       "view          -0.006892 -0.100233       0.285314    0.089265  \n",
       "condition      0.003159 -0.087500      -0.073813    0.009082  \n",
       "grade          0.098498  0.194232       0.699390    0.137317  \n",
       "sqft_above    -0.021560  0.351761       0.713605    0.205823  \n",
       "sqft_basement  0.115338 -0.142177       0.206824    0.007087  \n",
       "yr_built      -0.165114  0.427674       0.312679    0.077483  \n",
       "yr_renovated   0.032335 -0.070306       0.007497    0.027255  \n",
       "zipcode        0.267197 -0.574003      -0.280974   -0.155265  \n",
       "lat            1.000000 -0.165437       0.039908   -0.115525  \n",
       "long          -0.165437  1.000000       0.327953    0.252178  \n",
       "sqft_living15  0.039908  0.327953       1.000000    0.192334  \n",
       "sqft_lot15    -0.115525  0.252178       0.192334    1.000000  "
      ]
     },
     "execution_count": 6,
     "metadata": {},
     "output_type": "execute_result"
    }
   ],
   "source": [
    "df.corr()"
   ]
  },
  {
   "cell_type": "code",
   "execution_count": 7,
   "metadata": {},
   "outputs": [
    {
     "data": {
      "text/html": [
       "<div>\n",
       "<style scoped>\n",
       "    .dataframe tbody tr th:only-of-type {\n",
       "        vertical-align: middle;\n",
       "    }\n",
       "\n",
       "    .dataframe tbody tr th {\n",
       "        vertical-align: top;\n",
       "    }\n",
       "\n",
       "    .dataframe thead th {\n",
       "        text-align: right;\n",
       "    }\n",
       "</style>\n",
       "<table border=\"1\" class=\"dataframe\">\n",
       "  <thead>\n",
       "    <tr style=\"text-align: right;\">\n",
       "      <th></th>\n",
       "      <th>id</th>\n",
       "      <th>price</th>\n",
       "      <th>bedrooms</th>\n",
       "      <th>bathrooms</th>\n",
       "      <th>sqft_living</th>\n",
       "      <th>sqft_lot</th>\n",
       "      <th>floors</th>\n",
       "      <th>waterfront</th>\n",
       "      <th>view</th>\n",
       "      <th>condition</th>\n",
       "      <th>grade</th>\n",
       "      <th>sqft_above</th>\n",
       "      <th>sqft_basement</th>\n",
       "      <th>yr_built</th>\n",
       "      <th>yr_renovated</th>\n",
       "      <th>zipcode</th>\n",
       "      <th>lat</th>\n",
       "      <th>long</th>\n",
       "      <th>sqft_living15</th>\n",
       "      <th>sqft_lot15</th>\n",
       "    </tr>\n",
       "  </thead>\n",
       "  <tbody>\n",
       "    <tr>\n",
       "      <th>count</th>\n",
       "      <td>5.000000e+03</td>\n",
       "      <td>5.000000e+03</td>\n",
       "      <td>5000.000000</td>\n",
       "      <td>5000.000000</td>\n",
       "      <td>5000.000000</td>\n",
       "      <td>5000.000000</td>\n",
       "      <td>5000.000000</td>\n",
       "      <td>5000.000000</td>\n",
       "      <td>5000.000000</td>\n",
       "      <td>5000.000000</td>\n",
       "      <td>5000.000000</td>\n",
       "      <td>5000.00000</td>\n",
       "      <td>5000.000000</td>\n",
       "      <td>5000.000000</td>\n",
       "      <td>5000.000000</td>\n",
       "      <td>5000.000000</td>\n",
       "      <td>5000.000000</td>\n",
       "      <td>5000.000000</td>\n",
       "      <td>5000.000000</td>\n",
       "      <td>5000.000000</td>\n",
       "    </tr>\n",
       "    <tr>\n",
       "      <th>mean</th>\n",
       "      <td>4.588219e+09</td>\n",
       "      <td>5.364006e+05</td>\n",
       "      <td>3.353200</td>\n",
       "      <td>2.109800</td>\n",
       "      <td>2067.763600</td>\n",
       "      <td>15015.462600</td>\n",
       "      <td>1.491900</td>\n",
       "      <td>0.007000</td>\n",
       "      <td>0.233400</td>\n",
       "      <td>3.410000</td>\n",
       "      <td>7.642800</td>\n",
       "      <td>1774.28460</td>\n",
       "      <td>293.479000</td>\n",
       "      <td>1970.942200</td>\n",
       "      <td>82.982200</td>\n",
       "      <td>98078.700000</td>\n",
       "      <td>47.559741</td>\n",
       "      <td>-122.215951</td>\n",
       "      <td>1973.596200</td>\n",
       "      <td>12892.025800</td>\n",
       "    </tr>\n",
       "    <tr>\n",
       "      <th>std</th>\n",
       "      <td>2.892237e+09</td>\n",
       "      <td>3.433871e+05</td>\n",
       "      <td>0.903445</td>\n",
       "      <td>0.765138</td>\n",
       "      <td>902.670769</td>\n",
       "      <td>37878.162513</td>\n",
       "      <td>0.538927</td>\n",
       "      <td>0.083381</td>\n",
       "      <td>0.764618</td>\n",
       "      <td>0.656038</td>\n",
       "      <td>1.154415</td>\n",
       "      <td>809.70193</td>\n",
       "      <td>440.312237</td>\n",
       "      <td>29.289815</td>\n",
       "      <td>398.353881</td>\n",
       "      <td>53.633013</td>\n",
       "      <td>0.137943</td>\n",
       "      <td>0.138505</td>\n",
       "      <td>668.636836</td>\n",
       "      <td>27125.839107</td>\n",
       "    </tr>\n",
       "    <tr>\n",
       "      <th>min</th>\n",
       "      <td>1.200021e+06</td>\n",
       "      <td>7.500000e+04</td>\n",
       "      <td>0.000000</td>\n",
       "      <td>0.000000</td>\n",
       "      <td>390.000000</td>\n",
       "      <td>520.000000</td>\n",
       "      <td>1.000000</td>\n",
       "      <td>0.000000</td>\n",
       "      <td>0.000000</td>\n",
       "      <td>1.000000</td>\n",
       "      <td>3.000000</td>\n",
       "      <td>390.00000</td>\n",
